[1] 111
[1] "Priority Queue:"
  Section > 0.8 LB    > 0.8 UB 0.57~0.8 LB 0.57~0.8 UB > 0.57 LB > 0.57 UB
4    1050        0 0.003688879   0.7233198   0.8336095 0.7233198 0.8336095

  Section Number
1     110      0
2     220      0
3     940      0
4    1050      1
5    1200      0


[1] 120
[1] "Priority Queue:"
  Section > 0.8 LB  > 0.8 UB 0.57~0.8 LB 0.57~0.8 UB > 0.57 LB > 0.57 UB
5    1200 0.722355 0.8325743   0.1956243   0.2553349  0.938973  1.063952

  Section Number
1     110      0
2     220      1
3     940      0
4    1050      0
5    1200      1


[1] 124
[1] "Priority Queue:"
  Section     > 0.8 LB    > 0.8 UB 0.57~0.8 LB 0.57~0.8 UB > 0.57 LB > 0.57 UB
3     940 0.0028143631 0.014422675   0.9321903    1.056735  0.938973  1.063952
4    1050 0.0006186721 0.008767273   0.9360661    1.060859  0.938973  1.063952

  Section Number
1     110      0
2     220      1
3     940      2
4    1050      1
5    1200      0


[1] 125
[1] "Priority Queue:"
  Section  > 0.8 LB  > 0.8 UB 0.57~0.8 LB 0.57~0.8 UB > 0.57 LB > 0.57 UB
4    1050 0.7841479 0.8987801   0.1361685   0.1868023  0.938973  1.063952
5    1200 0.6905286 0.7984014   0.2265370   0.2904179  0.938973  1.063952
3     940 0.6250323 0.7278995   0.2906227   0.3623255  0.938973  1.063952

  Section Number
1     110      0
2     220      1
3     940      1
4    1050      1
5    1200      1


[1] 126
[1] "Priority Queue:"
  Section   > 0.8 LB  > 0.8 UB 0.57~0.8 LB 0.57~0.8 UB > 0.57 LB > 0.57 UB
5    1200 0.93122146 1.0557038 0.003453832  0.01576319  0.938973  1.063952
3     940 0.40747050 0.4914698 0.506905619  0.60003014  0.938973  1.063952
1     110 0.39126536 0.4736758 0.523201806  0.61773333  0.938973  1.063952
4    1050 0.07596157 0.1150322 0.847958199  0.96696851  0.938973  1.063952

  Section Number
1     110      1
2     220      1
3     940      1
4    1050      1
5    1200      2


[1] 307
[1] "Priority Queue:"
  Section  > 0.8 LB    > 0.8 UB 0.57~0.8 LB 0.57~0.8 UB > 0.57 LB > 0.57 UB
5    1200 0.9011937 1.023732027  0.02773281  0.05331428  0.938973  1.063952
1     110 0.2670093 0.335941126  0.64909778  0.75383336  0.938973  1.063952
4    1050 0.1797598 0.237201916  0.73876009  0.85016884  0.938973  1.063952
3     940 0.0000000 0.003688879  0.93897302  1.06395214  0.938973  1.063952

  Section Number
1     110      1
2     220      1
3     940      1
4    1050      1
5    1200      2


[1] 308
[1] "Priority Queue:"
  Section  > 0.8 LB    > 0.8 UB 0.57~0.8 LB 0.57~0.8 UB > 0.57 LB > 0.57 UB
5    1200 0.9321903 1.056734916 0.002814363  0.01442268 0.9389730  1.063952
2     220 0.7822155 0.896712467 0.138013957  0.18895643 0.9389730  1.063952
4    1050 0.0000000 0.003688879 0.938004019  1.06292115 0.9380040  1.062921
3     940 0.0000000 0.003688879 0.928314878  1.05261045 0.9283149  1.052610

  Section Number
1     110      0
2     220      2
3     940      1
4    1050      1
5    1200      2


[1] 309
[1] "Priority Queue:"
  Section   > 0.8 LB   > 0.8 UB 0.57~0.8 LB 0.57~0.8 UB > 0.57 LB > 0.57 UB
5    1200 0.03111931 0.05792072   0.8973203    1.019605  0.938973  1.063952

  Section Number
1     110      0
2     220      1
3     940      0
4    1050      0
5    1200      2


[1] 324
[1] "Priority Queue:"
  Section   > 0.8 LB   > 0.8 UB 0.57~0.8 LB 0.57~0.8 UB > 0.57 LB > 0.57 UB
5    1200 0.16766000 0.22330391   0.7513095   0.8636192  0.938973  1.063952
3     940 0.02437878 0.04867653   0.9050674   1.0278583  0.938973  1.063952
1     110 0.02106300 0.04400203   0.9089413   1.0319843  0.938973  1.063952

  Section Number
1     110      1
2     220      1
3     940      1
4    1050      0
5    1200      1


