[1] 111
[1] "Priority Queue:"
  Section     > 0.8 LB    > 0.8 UB 0.57~0.8 LB 0.57~0.8 UB > 0.57 LB > 0.57 UB
4    1050 2.531781e-05 0.005571643   0.9360661    1.060859  0.937035   1.06189

  Section Number
1     110      0
2     220      0
3     940      0
4    1050      1
5    1200      0


[1] 120
[1] "Priority Queue:"
  Section  > 0.8 LB > 0.8 UB 0.57~0.8 LB 0.57~0.8 UB > 0.57 LB > 0.57 UB
5    1200 0.5289559 0.623979   0.3855496   0.4673919  0.938973  1.063952

  Section Number
1     110      0
2     220      1
3     940      0
4    1050      0
5    1200      1


[1] 124
[1] "Priority Queue:"
  Section   > 0.8 LB    > 0.8 UB 0.57~0.8 LB 0.57~0.8 UB > 0.57 LB > 0.57 UB
3     940 0.06076720 0.096236789   0.8644072   0.9845192 0.9389730 1.0639521
4    1050 0.01617868 0.036904932   0.9137841   1.0371414 0.9380040 1.0629212
1     110 0.00000000 0.003688879   0.5884866   0.6884463 0.5884866 0.6884463

  Section Number
1     110      1
2     220      1
3     940      1
4    1050      1
5    1200      0


[1] 125
[1] "Priority Queue:"
  Section  > 0.8 LB  > 0.8 UB 0.57~0.8 LB 0.57~0.8 UB > 0.57 LB > 0.57 UB
4    1050 0.7831817 0.8977463   0.1370911   0.1878795  0.938973  1.063952
5    1200 0.4848753 0.5760613   0.4294187   0.5155204  0.938973  1.063952
3     940 0.4017493 0.4851913   0.5126560   0.6062795  0.938973  1.063952

  Section Number
1     110      0
2     220      1
3     940      1
4    1050      1
5    1200      1


[1] 126
[1] "Priority Queue:"
  Section   > 0.8 LB  > 0.8 UB 0.57~0.8 LB 0.57~0.8 UB > 0.57 LB > 0.57 UB
5    1200 0.92443966 1.0484857 0.008395386  0.02474022  0.938973  1.063952
3     940 0.86827834 0.9886480 0.057220347  0.09178654  0.938973  1.063952
1     110 0.46286636 0.5520712 0.451392372  0.53954574  0.938973  1.063952
4    1050 0.05280466 0.0862062 0.873117608  0.99380865  0.938973  1.063952

  Section Number
1     110      1
2     220      1
3     940      1
4    1050      1
5    1200      2


[1] 307
[1] "Priority Queue:"
  Section  > 0.8 LB    > 0.8 UB 0.57~0.8 LB 0.57~0.8 UB > 0.57 LB > 0.57 UB
5    1200 0.8760214 0.996904828  0.05016563  0.08284784  0.938973  1.063952
4    1050 0.3826925 0.464249143  0.53183346  0.62710137  0.938973  1.063952
1     110 0.2981904 0.370757194  0.61733500  0.71959703  0.938973  1.063952
3     940 0.0000000 0.003688879  0.93897302  1.06395214  0.938973  1.063952

  Section Number
1     110      1
2     220      1
3     940      1
4    1050      1
5    1200      2


[1] 308
[1] "Priority Queue:"
  Section  > 0.8 LB    > 0.8 UB 0.57~0.8 LB 0.57~0.8 UB > 0.57 LB > 0.57 UB
5    1200 0.9283149 1.052610447  0.00549116  0.01968204  0.938973  1.063952
2     220 0.5663880 0.664545636  0.34844854  0.42649527  0.938973  1.063952
4    1050 0.0000000 0.003688879  0.92734605  1.05157929  0.927346  1.051579
3     940 0.0000000 0.003688879  0.88763798  1.00928802  0.887638  1.009288

  Section Number
1     110      0
2     220      2
3     940      1
4    1050      1
5    1200      2


[1] 309
[1] "Priority Queue:"
  Section    > 0.8 LB   > 0.8 UB 0.57~0.8 LB 0.57~0.8 UB > 0.57 LB > 0.57 UB
5    1200 0.009903126 0.02721865   0.9225021    1.046423  0.938973  1.063952

  Section Number
1     110      0
2     220      1
3     940      0
4    1050      0
5    1200      2


[1] 324
[1] "Priority Queue:"
  Section    > 0.8 LB  > 0.8 UB 0.57~0.8 LB 0.57~0.8 UB > 0.57 LB > 0.57 UB
5    1200 0.312393516 0.3865529   0.6029075   0.7040250  0.938973  1.063952
1     110 0.088594493 0.1303927   0.8344158   0.9525111  0.938973  1.063952
3     940 0.004115373 0.0170848   0.9292837   1.0536416  0.938004  1.062921

  Section Number
1     110      1
2     220      1
3     940      1
4    1050      0
5    1200      1


