[1] 111
[1] "Priority Queue:"
  Section  > 0.8 LB  > 0.8 UB 0.57~0.8 LB 0.57~0.8 UB > 0.57 LB > 0.57 UB
4    1050 0.1297172 0.1792554   0.7909116   0.9060162  0.938973  1.063952

  Section Number
1     110      0
2     220      0
3     940      0
4    1050      1
5    1200      0


[1] 120
[1] "Priority Queue:"
  Section  > 0.8 LB  > 0.8 UB 0.57~0.8 LB 0.57~0.8 UB > 0.57 LB > 0.57 UB
5    1200 0.3171317 0.3918143   0.5980998   0.6988328  0.938973  1.063952

  Section Number
1     110      0
2     220      1
3     940      0
4    1050      0
5    1200      1


[1] 124
[1] "Priority Queue:"
  Section     > 0.8 LB    > 0.8 UB 0.57~0.8 LB 0.57~0.8 UB > 0.57 LB > 0.57 UB
5    1200 2.858956e-01 0.357052990   0.6298440   0.7330876 0.9389730  1.063952
3     940 2.531781e-05 0.005571643   0.9234709   1.0474545 0.9244397  1.048486
4    1050 2.531781e-05 0.005571643   0.9011937   1.0237320 0.9021621  1.024764

  Section Number
1     110      0
2     220      1
3     940      1
4    1050      1
5    1200      1


[1] 125
[1] "Priority Queue:"
  Section    > 0.8 LB  > 0.8 UB 0.57~0.8 LB 0.57~0.8 UB > 0.57 LB > 0.57 UB
4    1050 0.575033293 0.6739000   0.3399002   0.4170442 0.9389730  1.063952
3     940 0.341799375 0.4191449   0.5731119   0.6718215 0.9389730  1.063952
5    1200 0.330408430 0.4065366   0.5846422   0.6842909 0.9389730  1.063952
1     110 0.004115373 0.0170848   0.9273460   1.0515793 0.9360661  1.060859

  Section Number
1     110      1
2     220      0
3     940      1
4    1050      1
5    1200      1


[1] 126
[1] "Priority Queue:"
  Section  > 0.8 LB  > 0.8 UB 0.57~0.8 LB 0.57~0.8 UB > 0.57 LB > 0.57 UB
5    1200 0.9302526 1.0546727 0.004115373   0.0170848  0.938973  1.063952
1     110 0.8102420 0.9266854 0.111358121   0.1576200  0.938973  1.063952
3     940 0.4303736 0.5165655 0.483917961   0.5750187  0.938973  1.063952
4    1050 0.3912654 0.4736758 0.523201806   0.6177333  0.938973  1.063952

  Section Number
1     110      1
2     220      1
3     940      1
4    1050      1
5    1200      2


[1] 307
[1] "Priority Queue:"
  Section     > 0.8 LB    > 0.8 UB 0.57~0.8 LB 0.57~0.8 UB > 0.57 LB > 0.57 UB
5    1200 0.8073419829 0.923585499   0.1141045   0.1608728  0.938973  1.063952
4    1050 0.7967099305 0.912217763   0.1241976   0.1727766  0.938973  1.063952
1     110 0.1407839170 0.192185781   0.7783511   0.8925770  0.938004  1.062921
3     940 0.0002422093 0.007224688   0.9370350   1.0618902  0.938973  1.063952

  Section Number
1     110      1
2     220      1
3     940      1
4    1050      1
5    1200      2


[1] 308
[1] "Priority Queue:"
  Section  > 0.8 LB    > 0.8 UB 0.57~0.8 LB 0.57~0.8 UB > 0.57 LB > 0.57 UB
5    1200 0.8595688 0.979357741  0.06521703   0.1017836 0.9389730  1.063952
2     220 0.2012339 0.261724427  0.71656647   0.8263630 0.9389730  1.063952
4    1050 0.0000000 0.003688879  0.92153342   1.0453920 0.9215334  1.045392
3     940 0.0000000 0.003688879  0.89828866   1.0206372 0.8982887  1.020637

  Section Number
1     110      0
2     220      2
3     940      1
4    1050      1
5    1200      2


[1] 309
[1] "Priority Queue:"
  Section     > 0.8 LB    > 0.8 UB 0.57~0.8 LB 0.57~0.8 UB > 0.57 LB > 0.57 UB
5    1200 0.0002422093 0.007224688   0.9254084    1.049517  0.927346  1.051579

  Section Number
1     110      0
2     220      1
3     940      0
4    1050      0
5    1200      2


[1] 324
[1] "Priority Queue:"
  Section    > 0.8 LB   > 0.8 UB 0.57~0.8 LB 0.57~0.8 UB > 0.57 LB > 0.57 UB
5    1200 0.734899477 0.84602954   0.1834885   0.2414725 0.9389730  1.063952
3     940 0.019421755 0.04164884   0.9079728   1.0309528 0.9360661  1.060859
4    1050 0.016984063 0.03809602   0.9108784   1.0340472 0.9360661  1.060859
1     110 0.008395386 0.02474022   0.9215334   1.0453920 0.9360661  1.060859

  Section Number
1     110      1
2     220      0
3     940      1
4    1050      1
5    1200      1


