[1] 111
[1] "Priority Queue:"
  Section   > 0.8 LB   > 0.8 UB 0.57~0.8 LB 0.57~0.8 UB > 0.57 LB > 0.57 UB
4    1050 0.06254504 0.09845757   0.8624718   0.9824547  0.938973  1.063952

  Section Number
1     110      0
2     220      0
3     940      0
4    1050      1
5    1200      0


[1] 120
[1] "Priority Queue:"
  Section  > 0.8 LB  > 0.8 UB 0.57~0.8 LB 0.57~0.8 UB > 0.57 LB > 0.57 UB
5    1200 0.3969831 0.4799578    0.517449   0.6114864  0.938973  1.063952

  Section Number
1     110      0
2     220      1
3     940      0
4    1050      0
5    1200      1


[1] 124
[1] "Priority Queue:"
  Section    > 0.8 LB    > 0.8 UB 0.57~0.8 LB 0.57~0.8 UB > 0.57 LB > 0.57 UB
3     940 0.014580027 0.034511293   0.9157214   1.0392042 0.9380040 1.0629212
4    1050 0.001623486 0.011668332   0.9302526   1.0546727 0.9350971 1.0598281
5    1200 0.000000000 0.003688879   0.8547307   0.9741959 0.8547307 0.9741959
1     110 0.000000000 0.003688879   0.7851140   0.8998139 0.7851140 0.8998139

  Section Number
1     110      1
2     220      0
3     940      1
4    1050      1
5    1200      1


[1] 125
[1] "Priority Queue:"
  Section  > 0.8 LB    > 0.8 UB 0.57~0.8 LB 0.57~0.8 UB > 0.57 LB > 0.57 UB
4    1050 0.6702891 0.776641469   0.2462781   0.3126745 0.9389730 1.0639521
3     940 0.4284639 0.514475274   0.4858327   0.5771039 0.9389730 1.0639521
5    1200 0.2585225 0.326428742   0.6577654   0.7631655 0.9389730 1.0639521
1     110 0.0000000 0.003688879   0.6471719   0.7517593 0.6471719 0.7517593

  Section Number
1     110      1
2     220      0
3     940      1
4    1050      1
5    1200      1


[1] 126
[1] "Priority Queue:"
  Section  > 0.8 LB  > 0.8 UB 0.57~0.8 LB 0.57~0.8 UB > 0.57 LB > 0.57 UB
5    1200 0.9341282 1.0587971 0.001623486  0.01166833  0.938973  1.063952
1     110 0.8460234 0.9649034 0.077760308  0.11723243  0.938973  1.063952
3     940 0.7291092 0.8398199 0.189086429  0.24787373  0.938973  1.063952
4    1050 0.4017493 0.4851913 0.512655992  0.60627954  0.938973  1.063952

  Section Number
1     110      1
2     220      1
3     940      1
4    1050      1
5    1200      2


[1] 307
[1] "Priority Queue:"
  Section  > 0.8 LB    > 0.8 UB 0.57~0.8 LB 0.57~0.8 UB > 0.57 LB > 0.57 UB
5    1200 0.8527956 0.972131000  0.07147431   0.1095222  0.938973  1.063952
4    1050 0.6857087 0.793221484  0.23123272   0.2957216  0.938973  1.063952
1     110 0.2209061 0.284049522  0.69631332   0.8046166  0.938973  1.063952
3     940 0.0000000 0.003688879  0.93897302   1.0639521  0.938973  1.063952

  Section Number
1     110      1
2     220      1
3     940      1
4    1050      1
5    1200      2


[1] 308
[1] "Priority Queue:"
  Section  > 0.8 LB    > 0.8 UB 0.57~0.8 LB 0.57~0.8 UB > 0.57 LB > 0.57 UB
5    1200 0.8827974 1.004128654  0.04404183  0.07497845 0.9389730  1.063952
2     220 0.3029228 0.376024382  0.61252511  0.71440707 0.9389730  1.063952
4    1050 0.0000000 0.003688879  0.93025258  1.05467271 0.9302526  1.054673
3     940 0.0000000 0.003688879  0.86827834  0.98864800 0.8682783  0.988648

  Section Number
1     110      0
2     220      2
3     940      1
4    1050      1
5    1200      2


[1] 309
[1] "Priority Queue:"
  Section     > 0.8 LB    > 0.8 UB 0.57~0.8 LB 0.57~0.8 UB > 0.57 LB > 0.57 UB
5    1200 2.531781e-05 0.005571643   0.9360661    1.060859  0.937035   1.06189

  Section Number
1     110      0
2     220      1
3     940      0
4    1050      0
5    1200      2


[1] 324
[1] "Priority Queue:"
  Section    > 0.8 LB    > 0.8 UB 0.57~0.8 LB 0.57~0.8 UB > 0.57 LB > 0.57 UB
5    1200 0.426554449 0.512384850   0.4877477   0.5791889 0.9389730 1.0639521
1     110 0.054568434 0.088440789   0.8711818   0.9917444 0.9389730 1.0639521
3     940 0.004795389 0.018390356   0.9292837   1.0536416 0.9389730 1.0639521
4    1050 0.000000000 0.003688879   0.6760707   0.7828597 0.6760707 0.7828597

  Section Number
1     110      1
2     220      0
3     940      1
4    1050      1
5    1200      1


