[1] 111
[1] "Priority Queue:"
  Section  > 0.8 LB  > 0.8 UB 0.57~0.8 LB 0.57~0.8 UB > 0.57 LB > 0.57 UB
4    1050 0.2312327 0.2957216   0.6857087   0.7932215  0.938973  1.063952

  Section Number
1     110      0
2     220      0
3     940      0
4    1050      1
5    1200      0


[1] 120
[1] "Priority Queue:"
  Section  > 0.8 LB  > 0.8 UB 0.57~0.8 LB 0.57~0.8 UB > 0.57 LB > 0.57 UB
5    1200 0.2190301 0.2819258   0.6982417   0.8066881  0.938973  1.063952

  Section Number
1     110      0
2     220      0
3     940      0
4    1050      0
5    1200      1


[1] 124
[1] "Priority Queue:"
  Section     > 0.8 LB    > 0.8 UB 0.57~0.8 LB 0.57~0.8 UB > 0.57 LB > 0.57 UB
5    1200 3.304084e-01 0.406536637   0.5846422   0.6842909 0.9389730 1.0639521
3     940 6.186721e-04 0.008767273   0.8953837   1.0175421 0.8982887 1.0206372
4    1050 2.531781e-05 0.005571643   0.7967099   0.9122178 0.7976764 0.9132513
1     110 0.000000e+00 0.003688879   0.5740726   0.6728608 0.5740726 0.6728608

  Section Number
1     110      1
2     220      0
3     940      1
4    1050      1
5    1200      1


[1] 125
[1] "Priority Queue:"
  Section   > 0.8 LB   > 0.8 UB 0.57~0.8 LB 0.57~0.8 UB > 0.57 LB > 0.57 UB
5    1200 0.66643522 0.77249546   0.2500438   0.3169084  0.938973  1.063952
4    1050 0.56734845 0.66558514   0.3474985   0.4254454  0.938973  1.063952
3     940 0.05280466 0.08620620   0.8731176   0.9938086  0.938973  1.063952
1     110 0.04666017 0.07835705   0.8798933   1.0010328  0.938973  1.063952

  Section Number
1     110      1
2     220      0
3     940      1
4    1050      1
5    1200      1


[1] 126
[1] "Priority Queue:"
  Section  > 0.8 LB   > 0.8 UB 0.57~0.8 LB 0.57~0.8 UB > 0.57 LB > 0.57 UB
5    1200 0.9186273 1.04229817  0.01299933  0.03210073  0.938973  1.063952
1     110 0.6558391 0.76109185  0.26040778  0.32854328  0.938973  1.063952
3     940 0.2031049 0.26385316  0.71463715  0.82429233  0.938973  1.063952
4    1050 0.0510444 0.08396818  0.87505344  0.99587278  0.938973  1.063952

  Section Number
1     110      1
2     220      1
3     940      1
4    1050      1
5    1200      2


[1] 307
[1] "Priority Queue:"
  Section   > 0.8 LB  > 0.8 UB 0.57~0.8 LB 0.57~0.8 UB > 0.57 LB > 0.57 UB
5    1200 0.69920599 0.8077239   0.2180922   0.2808637 0.9389730  1.063952
4    1050 0.69245675 0.8004733   0.2246595   0.2882956 0.9389730  1.063952
3     940 0.09676219 0.1402214   0.8257119   0.9432152 0.9389730  1.063952
1     110 0.07956114 0.1194306   0.8266789   0.9442482 0.9215334  1.045392

  Section Number
1     110      1
2     220      1
3     940      1
4    1050      1
5    1200      2


[1] 308
[1] "Priority Queue:"
  Section  > 0.8 LB    > 0.8 UB 0.57~0.8 LB 0.57~0.8 UB > 0.57 LB > 0.57 UB
5    1200 0.8208771 0.938050160   0.1013136   0.1456682 0.9389730 1.0639521
1     110 0.4017493 0.485191302   0.5126560   0.6062795 0.9389730 1.0639521
2     220 0.0186058 0.040467796   0.9050674   1.0278583 0.9321903 1.0567349
4    1050 0.0000000 0.003688879   0.9283149   1.0526104 0.9283149 1.0526104
3     940 0.0000000 0.003688879   0.6616184   0.7673124 0.6616184 0.7673124

  Section Number
1     110      1
2     220      2
3     940      1
4    1050      1
5    1200      1


[1] 309
[1] "Priority Queue:"
  Section   > 0.8 LB    > 0.8 UB 0.57~0.8 LB 0.57~0.8 UB > 0.57 LB > 0.57 UB
4    1050 0.02188798 0.045174452   0.8644072   0.9845192 0.8953837  1.017542
5    1200 0.00000000 0.003688879   0.8953837   1.0175421 0.8953837  1.017542

  Section Number
1     110      0
2     220      1
3     940      0
4    1050      1
5    1200      1


[1] 324
[1] "Priority Queue:"
  Section   > 0.8 LB   > 0.8 UB 0.57~0.8 LB 0.57~0.8 UB > 0.57 LB > 0.57 UB
5    1200 0.37222085 0.45272144   0.5423871   0.6385473  0.938973  1.063952
1     110 0.10861466 0.15436444   0.8131423   0.9297851  0.938973  1.063952
4    1050 0.10496136 0.15001905   0.8170095   0.9339178  0.938973  1.063952
3     940 0.02857659 0.05446865   0.9002254   1.0227004  0.938973  1.063952

  Section Number
1     110      1
2     220      0
3     940      1
4    1050      1
5    1200      1


