[1] 111
  Section Number
1     110      0
2     220      0
3     940      0
4    1050      1
5    1200      0

[1] 120
  Section Number
1     110      0
2     220      0
3     940      0
4    1050      0
5    1200      1

[1] 124
  Section Number
1     110      0
2     220      0
3     940      1
4    1050      1
5    1200      1

[1] 125
  Section Number
1     110      0
2     220      0
3     940      1
4    1050      1
5    1200      1

[1] 126
  Section Number
1     110      1
2     220      0
3     940      1
4    1050      1
5    1200      1

[1] 307
  Section Number
1     110      1
2     220      0
3     940      1
4    1050      1
5    1200      1

[1] 308
  Section Number
1     110      0
2     220      1
3     940      1
4    1050      1
5    1200      1

[1] 309
  Section Number
1     110      0
2     220      0
3     940      1
4    1050      1
5    1200      1

[1] 324
  Section Number
1     110      1
2     220      0
3     940      1
4    1050      0
5    1200      1

