[1] 111
[1] "Priority Queue:"
  Section  > 0.8 LB  > 0.8 UB 0.57~0.8 LB 0.57~0.8 UB > 0.57 LB > 0.57 UB
4    1050 0.2284149 0.2925397   0.6886006   0.7963295  0.938973  1.063952

  Section Number
1     110      0
2     220      0
3     940      0
4    1050      1
5    1200      0


[1] 120
[1] "Priority Queue:"
  Section     > 0.8 LB    > 0.8 UB 0.57~0.8 LB 0.57~0.8 UB > 0.57 LB > 0.57 UB
5    1200 0.5452661211 0.641668221   0.3693662   0.4495763 0.9389730 1.0639521
4    1050 0.0002422093 0.007224688   0.8112088   0.9277186 0.8131423 0.9297851

  Section Number
1     110      0
2     220      0
3     940      0
4    1050      1
5    1200      1


[1] 124
[1] "Priority Queue:"
  Section    > 0.8 LB   > 0.8 UB 0.57~0.8 LB 0.57~0.8 UB > 0.57 LB > 0.57 UB
5    1200 0.563506794 0.66142692   0.3512992   0.4296445 0.9389730  1.063952
3     940 0.353199892 0.43174361   0.5615862   0.6593476 0.9389730  1.063952
4    1050 0.048410930 0.08060437   0.8779573   0.9989689 0.9389730  1.063952
1     110 0.002201894 0.01305947   0.9254084   1.0495169 0.9312215  1.055704

  Section Number
1     110      1
2     220      0
3     940      1
4    1050      1
5    1200      1


[1] 125
[1] "Priority Queue:"
  Section  > 0.8 LB > 0.8 UB 0.57~0.8 LB 0.57~0.8 UB > 0.57 LB > 0.57 UB
5    1200 0.8973203 1.019605  0.03111931  0.05792072  0.938973  1.063952

  Section Number
1     110      0
2     220      2
3     940      0
4    1050      0
5    1200      2


[1] 126
[1] "Priority Queue:"
  Section   > 0.8 LB   > 0.8 UB 0.57~0.8 LB 0.57~0.8 UB > 0.57 LB > 0.57 UB
5    1200 0.92153342 1.04539202  0.01066794  0.02844776  0.938973  1.063952
1     110 0.84215389 0.96077293  0.08136399  0.12162679  0.938973  1.063952
3     940 0.08768908 0.12929855  0.83538302  0.95354392  0.938973  1.063952
4    1050 0.02689106 0.05215797  0.90216214  1.02476362  0.938973  1.063952

  Section Number
1     110      1
2     220      1
3     940      1
4    1050      1
5    1200      2


[1] 307
[1] "Priority Queue:"
  Section   > 0.8 LB    > 0.8 UB 0.57~0.8 LB 0.57~0.8 UB > 0.57 LB > 0.57 UB
3     940 0.07506300 0.113931283   0.8489256   0.9680010 0.9389730 1.0639521
4    1050 0.04056646 0.070458286   0.8740855   0.9948407 0.9263772 1.0505481
5    1200 0.03367778 0.061357554   0.8827974   1.0041287 0.9273460 1.0515793
1     110 0.00000000 0.003688879   0.5740726   0.6728608 0.5740726 0.6728608

  Section Number
1     110      1
2     220      1
3     940      1
4    1050      1
5    1200      1


[1] 308
[1] "Priority Queue:"
  Section    > 0.8 LB   > 0.8 UB 0.57~0.8 LB 0.57~0.8 UB > 0.57 LB > 0.57 UB
5    1200 0.559665660 0.65726819   0.3551009   0.4338425  0.938973 1.0639521
1     110 0.001089865 0.01024159   0.7580683   0.8708602  0.761931 0.8749974

  Section Number
1     110      2
2     220      1
3     940      0
4    1050      0
5    1200      2


[1] 309
[1] "Priority Queue:"
  Section     > 0.8 LB    > 0.8 UB 0.57~0.8 LB 0.57~0.8 UB > 0.57 LB > 0.57 UB
4    1050 8.395386e-03 0.024740219   0.8624718   0.9824547 0.8769893 0.9979369
5    1200 2.531781e-05 0.005571643   0.9254084   1.0495169 0.9263772 1.0505481

  Section Number
1     110      0
2     220      1
3     940      0
4    1050      2
5    1200      1


[1] 324
[1] "Priority Queue:"
  Section   > 0.8 LB    > 0.8 UB 0.57~0.8 LB 0.57~0.8 UB > 0.57 LB > 0.57 UB
5    1200 0.26229344 0.330657430   0.6539129   0.7590181 0.9389730 1.0639521
4    1050 0.05899226 0.094013149   0.8595688   0.9793577 0.9321903 1.0567349
3     940 0.00000000 0.003688879   0.7011346   0.8097953 0.7011346 0.8097953

  Section Number
1     110      0
2     220      1
3     940      1
4    1050      1
5    1200      1


