[1] 111
[1] "Priority Queue:"
  Section > 0.8 LB    > 0.8 UB 0.57~0.8 LB 0.57~0.8 UB > 0.57 LB > 0.57 UB
4    1050        0 0.003688879   0.9244397    1.048486 0.9244397  1.048486

  Section Number
1     110      0
2     220      0
3     940      0
4    1050      1
5    1200      0


[1] 120
[1] "Priority Queue:"
  Section  > 0.8 LB  > 0.8 UB 0.57~0.8 LB 0.57~0.8 UB > 0.57 LB > 0.57 UB
5    1200 0.5222429 0.6166923   0.3922182   0.4747229  0.938973  1.063952

  Section Number
1     110      0
2     220      0
3     940      0
4    1050      0
5    1200      1


[1] 124
[1] "Priority Queue:"
  Section   > 0.8 LB    > 0.8 UB 0.57~0.8 LB 0.57~0.8 UB > 0.57 LB > 0.57 UB
3     940 0.05899226 0.094013149   0.8663428   0.9865836 0.9389730 1.0639521
4    1050 0.01617868 0.036904932   0.9147527   1.0381728 0.9389730 1.0639521
1     110 0.00000000 0.003688879   0.6077159   0.7092164 0.6077159 0.7092164

  Section Number
1     110      1
2     220      0
3     940      1
4    1050      1
5    1200      0


[1] 125
[1] "Priority Queue:"
  Section  > 0.8 LB  > 0.8 UB 0.57~0.8 LB 0.57~0.8 UB > 0.57 LB > 0.57 UB
4    1050 0.7735211 0.8874071   0.1463300   0.1986383  0.938973  1.063952
5    1200 0.4820034 0.5729334   0.4322835   0.5186555  0.938973  1.063952
3     940 0.4046097 0.4883308   0.5097806   0.6031550  0.938973  1.063952

  Section Number
1     110      0
2     220      0
3     940      1
4    1050      1
5    1200      1


[1] 126
[1] "Priority Queue:"
  Section   > 0.8 LB  > 0.8 UB 0.57~0.8 LB 0.57~0.8 UB > 0.57 LB > 0.57 UB
5    1200 0.92443966 1.0484857 0.008395386  0.02474022  0.938973  1.063952
3     940 0.85860111 0.9783254 0.066109037  0.10289099  0.938973  1.063952
1     110 0.44948066 0.5374575 0.464779301  0.55415820  0.938973  1.063952
4    1050 0.06610904 0.1028910 0.858601111  0.97832540  0.938973  1.063952

  Section Number
1     110      1
2     220      1
3     940      1
4    1050      1
5    1200      1


[1] 307
[1] "Priority Queue:"
  Section  > 0.8 LB    > 0.8 UB 0.57~0.8 LB 0.57~0.8 UB > 0.57 LB > 0.57 UB
5    1200 0.8847336 1.006192451   0.0423018  0.07272066  0.938973  1.063952
4    1050 0.3893599 0.471581384   0.5251197  0.61981537  0.938973  1.063952
1     110 0.2877862 0.359162246   0.6279193  0.73101247  0.938973  1.063952
3     940 0.0000000 0.003688879   0.9389730  1.06395214  0.938973  1.063952

  Section Number
1     110      1
2     220      1
3     940      1
4    1050      1
5    1200      2


[1] 308
[1] "Priority Queue:"
  Section  > 0.8 LB    > 0.8 UB 0.57~0.8 LB 0.57~0.8 UB > 0.57 LB > 0.57 UB
5    1200 0.9273460 1.051579290 0.006200575  0.02096159 0.9389730  1.063952
2     220 0.5971383 0.697794315 0.318079593  0.39286639 0.9389730  1.063952
4    1050 0.0000000 0.003688879 0.920564698  1.04436075 0.9205647  1.044361
3     940 0.0000000 0.003688879 0.884733600  1.00619245 0.8847336  1.006192

  Section Number
1     110      0
2     220      2
3     940      1
4    1050      1
5    1200      2


[1] 309
[1] "Priority Queue:"
  Section   > 0.8 LB   > 0.8 UB 0.57~0.8 LB 0.57~0.8 UB > 0.57 LB > 0.57 UB
5    1200 0.01221652 0.03088838    0.919596    1.043329  0.938973  1.063952

  Section Number
1     110      0
2     220      1
3     940      0
4    1050      0
5    1200      2


[1] 324
[1] "Priority Queue:"
  Section    > 0.8 LB   > 0.8 UB 0.57~0.8 LB 0.57~0.8 UB > 0.57 LB > 0.57 UB
5    1200 0.301976156 0.37497110   0.6134870   0.7154451  0.938973  1.063952
1     110 0.079561137 0.11943061   0.8440886   0.9628382  0.938973  1.063952
3     940 0.009903126 0.02721865   0.9215334   1.0453920  0.938004  1.062921

  Section Number
1     110      1
2     220      0
3     940      1
4    1050      0
5    1200      1


