[1] 111
[1] "Priority Queue:"
  Section  > 0.8 LB  > 0.8 UB 0.57~0.8 LB 0.57~0.8 UB > 0.57 LB > 0.57 UB
4    1050 0.1444804 0.1964884    0.775453   0.8894751  0.938973  1.063952

  Section Number
1     110      0
2     220      0
3     940      0
4    1050      1
5    1200      0


[1] 120
[1] "Priority Queue:"
  Section  > 0.8 LB  > 0.8 UB 0.57~0.8 LB 0.57~0.8 UB > 0.57 LB > 0.57 UB
5    1200 0.3237683 0.3991772   0.5913702   0.6915626  0.938973  1.063952

  Section Number
1     110      0
2     220      1
3     940      0
4    1050      0
5    1200      1


[1] 124
[1] "Priority Queue:"
  Section     > 0.8 LB    > 0.8 UB 0.57~0.8 LB 0.57~0.8 UB > 0.57 LB > 0.57 UB
5    1200 0.2670092752 0.335941126   0.6490978   0.7538334 0.9389730  1.063952
3     940 0.0006186721 0.008767273   0.9176586   1.0412669 0.9205647  1.044361
4    1050 0.0006186721 0.008767273   0.9031305   1.0257952 0.9060359  1.028890

  Section Number
1     110      0
2     220      1
3     940      1
4    1050      1
5    1200      1


[1] 125
[1] "Priority Queue:"
  Section    > 0.8 LB   > 0.8 UB 0.57~0.8 LB 0.57~0.8 UB > 0.57 LB > 0.57 UB
4    1050 0.566387986 0.66454564   0.3484485   0.4264953 0.9389730  1.063952
5    1200 0.345598506 0.42334550   0.5692695   0.6676641 0.9389730  1.063952
3     940 0.319027532 0.39391838   0.5961769   0.6967558 0.9389730  1.063952
1     110 0.004795389 0.01839036   0.9254084   1.0495169 0.9350971  1.059828

  Section Number
1     110      1
2     220      0
3     940      1
4    1050      1
5    1200      1


[1] 126
[1] "Priority Queue:"
  Section  > 0.8 LB  > 0.8 UB 0.57~0.8 LB 0.57~0.8 UB > 0.57 LB > 0.57 UB
5    1200 0.9283149 1.0526104  0.00549116  0.01968204  0.938973  1.063952
1     110 0.7976764 0.9132513  0.12327856  0.17169583  0.938973  1.063952
3     940 0.4275092 0.5134301  0.48679018  0.57814639  0.938973  1.063952
4    1050 0.3931710 0.4757700  0.52128406  0.61565115  0.938973  1.063952

  Section Number
1     110      1
2     220      1
3     940      1
4    1050      1
5    1200      2


[1] 307
[1] "Priority Queue:"
  Section    > 0.8 LB   > 0.8 UB 0.57~0.8 LB 0.57~0.8 UB > 0.57 LB > 0.57 UB
5    1200 0.791877964 0.90704983   0.1287966   0.1781762  0.938973  1.063952
4    1050 0.785114045 0.89981389   0.1352461   0.1857249  0.938973  1.063952
1     110 0.156518151 0.21044798   0.7628967   0.8760317  0.938973  1.063952
3     940 0.002814363 0.01442268   0.9321903   1.0567349  0.938973  1.063952

  Section Number
1     110      1
2     220      1
3     940      1
4    1050      1
5    1200      2


[1] 308
[1] "Priority Queue:"
  Section     > 0.8 LB    > 0.8 UB 0.57~0.8 LB 0.57~0.8 UB > 0.57 LB > 0.57 UB
5    1200 8.673105e-01 0.987615819  0.05810592  0.09290022 0.9389730  1.063952
2     220 2.087212e-01 0.270236062  0.70884976  0.81807986 0.9389730  1.063952
3     940 2.531781e-05 0.005571643  0.91765864  1.04126685 0.9186273  1.042298
4    1050 0.000000e+00 0.003688879  0.92056470  1.04436075 0.9205647  1.044361

  Section Number
1     110      0
2     220      2
3     940      1
4    1050      1
5    1200      2


[1] 309
[1] "Priority Queue:"
  Section > 0.8 LB    > 0.8 UB 0.57~0.8 LB 0.57~0.8 UB > 0.57 LB > 0.57 UB
5    1200        0 0.003688879   0.9244397    1.048486 0.9244397  1.048486

  Section Number
1     110      0
2     220      1
3     940      0
4    1050      0
5    1200      2


[1] 324
[1] "Priority Queue:"
  Section    > 0.8 LB   > 0.8 UB 0.57~0.8 LB 0.57~0.8 UB > 0.57 LB > 0.57 UB
5    1200 0.751309474 0.86361917   0.1676600   0.2233039 0.9389730  1.063952
3     940 0.017793170 0.03928358   0.9128155   1.0361100 0.9389730  1.063952
4    1050 0.012999331 0.03210073   0.9176586   1.0412669 0.9380040  1.062921
1     110 0.006200575 0.02096159   0.9244397   1.0484857 0.9360661  1.060859

  Section Number
1     110      1
2     220      0
3     940      1
4    1050      1
5    1200      1


