[1] 111
[1] "Priority Queue:"
  Section  > 0.8 LB  > 0.8 UB 0.57~0.8 LB 0.57~0.8 UB > 0.57 LB > 0.57 UB
4    1050 0.2415734 0.3073797    0.675107   0.7818234  0.938973  1.063952

  Section Number
1     110      0
2     220      0
3     940      0
4    1050      1
5    1200      0


[1] 120
[1] "Priority Queue:"
  Section  > 0.8 LB    > 0.8 UB 0.57~0.8 LB 0.57~0.8 UB > 0.57 LB > 0.57 UB
5    1200 0.2717275 0.341222473   0.6433205   0.7476108 0.9380040 1.0629212
4    1050 0.0000000 0.003688879   0.8131423   0.9297851 0.8131423 0.9297851

  Section Number
1     110      0
2     220      0
3     940      0
4    1050      1
5    1200      1


[1] 124
[1] "Priority Queue:"
  Section   > 0.8 LB   > 0.8 UB 0.57~0.8 LB 0.57~0.8 UB > 0.57 LB > 0.57 UB
3     940 0.24627808 0.31267447   0.6702891   0.7766415 0.9389730  1.063952
5    1200 0.13248052 0.18249129   0.7870465   0.9018814 0.9380040  1.062921
4    1050 0.00765393 0.02348962   0.8944155   1.0165104 0.9079728  1.030953

  Section Number
1     110      0
2     220      1
3     940      1
4    1050      1
5    1200      1


[1] 125
[1] "Priority Queue:"
  Section   > 0.8 LB   > 0.8 UB 0.57~0.8 LB 0.57~0.8 UB > 0.57 LB > 0.57 UB
5    1200 0.81894325 0.93598401   0.1031368   0.1478443  0.938973  1.063952
4    1050 0.31239352 0.38655291   0.6029075   0.7040250  0.938973  1.063952
1     110 0.06968343 0.10731418   0.8537632   0.9731634  0.938004  1.062921
3     940 0.01221652 0.03088838   0.9186273   1.0422982  0.938004  1.062921

  Section Number
1     110      1
2     220      0
3     940      1
4    1050      1
5    1200      1


[1] 126
[1] "Priority Queue:"
  Section   > 0.8 LB  > 0.8 UB 0.57~0.8 LB 0.57~0.8 UB > 0.57 LB > 0.57 UB
5    1200 0.87698933 0.9979369   0.0492878  0.08172657  0.938973  1.063952
1     110 0.70209887 0.8108309   0.2152796  0.27767675  0.938973  1.063952
4    1050 0.09676219 0.1402214   0.8257119  0.94321521  0.938973  1.063952
3     940 0.06789498 0.1051038   0.8566659  0.97626067  0.938973  1.063952

  Section Number
1     110      1
2     220      1
3     940      1
4    1050      1
5    1200      2


[1] 307
[1] "Priority Queue:"
  Section    > 0.8 LB   > 0.8 UB 0.57~0.8 LB 0.57~0.8 UB > 0.57 LB > 0.57 UB
5    1200 0.489662754 0.58127369   0.4246452   0.5102942 0.9389730 1.0639521
4    1050 0.442791088 0.53014742   0.4714759   0.5614613 0.9389730 1.0639521
3     940 0.241573383 0.30737970   0.6751070   0.7818234 0.9389730 1.0639521
1     110 0.008395386 0.02474022   0.7416558   0.8532731 0.7561371 0.8687914

  Section Number
1     110      1
2     220      1
3     940      1
4    1050      1
5    1200      1


[1] 308
[1] "Priority Queue:"
  Section    > 0.8 LB    > 0.8 UB 0.57~0.8 LB 0.57~0.8 UB > 0.57 LB > 0.57 UB
5    1200 0.756137130 0.868791412   0.1630142   0.2179506 0.9389730 1.0639521
1     110 0.379835925 0.461105913   0.5347113   0.6302234 0.9389730 1.0639521
4    1050 0.004795389 0.018390356   0.9263772   1.0505481 0.9360661 1.0608591
2     220 0.002201894 0.013059474   0.8527956   0.9721310 0.8586011 0.9783254
3     940 0.000000000 0.003688879   0.8537632   0.9731634 0.8537632 0.9731634

  Section Number
1     110      1
2     220      1
3     940      1
4    1050      1
5    1200      1


[1] 309
[1] "Priority Queue:"
  Section    > 0.8 LB   > 0.8 UB 0.57~0.8 LB 0.57~0.8 UB > 0.57 LB > 0.57 UB
4    1050 0.015377253 0.03571010   0.8150759   0.9318515 0.8382847 0.9566422
5    1200 0.002201894 0.01305947   0.9031305   1.0257952 0.9089413 1.0319843

  Section Number
1     110      0
2     220      1
3     940      0
4    1050      2
5    1200      1


[1] 324
[1] "Priority Queue:"
  Section    > 0.8 LB   > 0.8 UB 0.57~0.8 LB 0.57~0.8 UB > 0.57 LB > 0.57 UB
5    1200 0.413193577 0.49774641   0.5011566   0.5937794 0.9389730  1.063952
1     110 0.331357299 0.40758770   0.5836812   0.6832519 0.9389730  1.063952
4    1050 0.054568434 0.08844079   0.8702140   0.9907123 0.9380040  1.062921
3     940 0.004115373 0.01708480   0.9050674   1.0278583 0.9137841  1.037141

  Section Number
1     110      1
2     220      0
3     940      1
4    1050      1
5    1200      1


