[1] 111
[1] "Priority Queue:"
  Section  > 0.8 LB  > 0.8 UB 0.57~0.8 LB 0.57~0.8 UB > 0.57 LB > 0.57 UB
4    1050 0.1956243 0.2553349    0.722355   0.8325743  0.938973  1.063952

  Section Number
1     110      0
2     220      0
3     940      0
4    1050      1
5    1200      0


[1] 120
[1] "Priority Queue:"
  Section > 0.8 LB    > 0.8 UB 0.57~0.8 LB 0.57~0.8 UB > 0.57 LB > 0.57 UB
5    1200 0.216217 0.278739196   0.7011346   0.8097953 0.9389730 1.0639521
4    1050 0.000000 0.003688879   0.8160427   0.9328846 0.8160427 0.9328846

  Section Number
1     110      0
2     220      0
3     940      0
4    1050      0
5    1200      1


[1] 124
[1] "Priority Queue:"
  Section    > 0.8 LB   > 0.8 UB 0.57~0.8 LB 0.57~0.8 UB > 0.57 LB > 0.57 UB
3     940 0.247219343 0.31373311   0.6693256   0.7756050 0.9389730  1.063952
5    1200 0.102225025 0.14675642   0.8199101   0.9370171 0.9389730  1.063952
4    1050 0.001623486 0.01166833   0.9263772   1.0505481 0.9312215  1.055704

  Section Number
1     110      0
2     220      1
3     940      1
4    1050      1
5    1200      1


[1] 125
[1] "Priority Queue:"
  Section     > 0.8 LB    > 0.8 UB 0.57~0.8 LB 0.57~0.8 UB > 0.57 LB > 0.57 UB
3     940 0.1928214419 0.252138120   0.7252495   0.8356797 0.9389730 1.0639521
4    1050 0.1168535917 0.164122759   0.8044421   0.9204854 0.9389730 1.0639521
5    1200 0.0006186721 0.008767273   0.9331593   1.0577660 0.9360661 1.0608591
1     110 0.0000000000 0.003688879   0.6963133   0.8046166 0.6963133 0.8046166

  Section Number
1     110      1
2     220      0
3     940      1
4    1050      1
5    1200      1


[1] 126
[1] "Priority Queue:"
  Section  > 0.8 LB  > 0.8 UB 0.57~0.8 LB 0.57~0.8 UB > 0.57 LB > 0.57 UB
5    1200 0.8305472 0.9483798  0.09222045   0.1347651  0.938973  1.063952
4    1050 0.4533043 0.5416338  0.46095359   0.5499841  0.938973  1.063952
1     110 0.4074705 0.4914698  0.50690562   0.6000301  0.938973  1.063952
3     940 0.1389370 0.1900331  0.78124939   0.8956786  0.938973  1.063952

  Section Number
1     110      1
2     220      1
3     940      1
4    1050      1
5    1200      2


[1] 307
[1] "Priority Queue:"
  Section   > 0.8 LB   > 0.8 UB 0.57~0.8 LB 0.57~0.8 UB > 0.57 LB > 0.57 UB
5    1200 0.37031767 0.45062474   0.5443064   0.6406280 0.9389730  1.063952
4    1050 0.28967714 0.36127116   0.6259946   0.7289372 0.9389730  1.063952
3     940 0.10131363 0.14566817   0.8208771   0.9380502 0.9389730  1.063952
1     110 0.01698406 0.03809602   0.9002254   1.0227004 0.9254084  1.049517

  Section Number
1     110      1
2     220      1
3     940      1
4    1050      1
5    1200      2


[1] 308
[1] "Priority Queue:"
  Section     > 0.8 LB    > 0.8 UB 0.57~0.8 LB 0.57~0.8 UB > 0.57 LB > 0.57 UB
5    1200 0.3010295925 0.373917745   0.6144490   0.7164831 0.9389730  1.063952
1     110 0.0528046608 0.086206203   0.8547307   0.9741959 0.9205647  1.044361
4    1050 0.0006186721 0.008767273   0.9360661   1.0608591 0.9389730  1.063952

  Section Number
1     110      2
2     220      1
3     940      0
4    1050      1
5    1200      2


[1] 309
[1] "Priority Queue:"
  Section > 0.8 LB    > 0.8 UB 0.57~0.8 LB 0.57~0.8 UB > 0.57 LB > 0.57 UB
5    1200        0 0.003688879   0.9186273    1.042298 0.9186273  1.042298

  Section Number
1     110      0
2     220      1
3     940      0
4    1050      0
5    1200      2


[1] 324
[1] "Priority Queue:"
  Section     > 0.8 LB    > 0.8 UB 0.57~0.8 LB 0.57~0.8 UB > 0.57 LB > 0.57 UB
4    1050 0.0876890822 0.129298547   0.8353830   0.9535439 0.9389730  1.063952
5    1200 0.0510443952 0.083968182   0.8750534   0.9958728 0.9389730  1.063952
1     110 0.0002422093 0.007224688   0.9350971   1.0598281 0.9370350  1.061890
3     940 0.0000000000 0.003688879   0.8789253   1.0000009 0.8789253  1.000001

  Section Number
1     110      1
2     220      0
3     940      1
4    1050      1
5    1200      1


