[1] 111
[1] "Priority Queue:"
  Section  > 0.8 LB  > 0.8 UB 0.57~0.8 LB 0.57~0.8 UB > 0.57 LB > 0.57 UB
4    1050 0.1278762 0.1770968   0.7928443   0.9080835  0.938973  1.063952

  Section Number
1     110      0
2     220      0
3     940      0
4    1050      1
5    1200      0


[1] 120
[1] "Priority Queue:"
  Section  > 0.8 LB  > 0.8 UB 0.57~0.8 LB 0.57~0.8 UB > 0.57 LB > 0.57 UB
5    1200 0.3417994 0.4191449   0.5731119   0.6718215  0.938973  1.063952

  Section Number
1     110      0
2     220      0
3     940      0
4    1050      0
5    1200      1


[1] 124
[1] "Priority Queue:"
  Section    > 0.8 LB   > 0.8 UB 0.57~0.8 LB 0.57~0.8 UB > 0.57 LB > 0.57 UB
5    1200 0.267952727 0.33699758   0.6481348   0.7527963 0.9389730  1.063952
3     940 0.002201894 0.01305947   0.9176586   1.0412669 0.9234709  1.047455
4    1050 0.001623486 0.01166833   0.9099099   1.0330158 0.9147527  1.038173

  Section Number
1     110      0
2     220      0
3     940      1
4    1050      1
5    1200      1


[1] 125
[1] "Priority Queue:"
  Section    > 0.8 LB   > 0.8 UB 0.57~0.8 LB 0.57~0.8 UB > 0.57 LB > 0.57 UB
4    1050 0.565427557 0.66350610   0.3493987   0.4275451  0.938973  1.063952
5    1200 0.333255244 0.40968962   0.5817592   0.6811739  0.938973  1.063952
3     940 0.306710158 0.38023672   0.6086777   0.7102546  0.938973  1.063952
1     110 0.002814363 0.01442268   0.9302526   1.0546727  0.937035  1.061890

  Section Number
1     110      1
2     220      0
3     940      1
4    1050      1
5    1200      1


[1] 126
[1] "Priority Queue:"
  Section  > 0.8 LB  > 0.8 UB 0.57~0.8 LB 0.57~0.8 UB > 0.57 LB > 0.57 UB
5    1200 0.9292837 1.0536416 0.004795389  0.01839036  0.938973  1.063952
1     110 0.7976764 0.9132513 0.123278563  0.17169583  0.938973  1.063952
4    1050 0.4084242 0.4925160 0.505947355  0.59898844  0.938973  1.063952
3     940 0.3979362 0.4810046 0.516490320  0.61044507  0.938973  1.063952

  Section Number
1     110      1
2     220      1
3     940      1
4    1050      1
5    1200      1


[1] 307
[1] "Priority Queue:"
  Section     > 0.8 LB    > 0.8 UB 0.57~0.8 LB 0.57~0.8 UB > 0.57 LB > 0.57 UB
5    1200 8.044421e-01 0.920485440   0.1168536   0.1641228  0.938973  1.063952
4    1050 7.397253e-01 0.851203613   0.1788280   0.2361339  0.938973  1.063952
1     110 1.732409e-01 0.229721982   0.7455170   0.8574118  0.938973  1.063952
3     940 2.531781e-05 0.005571643   0.9380040   1.0629212  0.938973  1.063952

  Section Number
1     110      1
2     220      1
3     940      1
4    1050      1
5    1200      1


[1] 308
[1] "Priority Queue:"
  Section  > 0.8 LB    > 0.8 UB 0.57~0.8 LB 0.57~0.8 UB > 0.57 LB > 0.57 UB
5    1200 0.8547307 0.974195871  0.06968343   0.1073142 0.9389730  1.063952
2     220 0.2209061 0.284049522  0.69631332   0.8046166 0.9389730  1.063952
4    1050 0.0000000 0.003688879  0.92056470   1.0443608 0.9205647  1.044361
3     940 0.0000000 0.003688879  0.90894135   1.0319843 0.9089413  1.031984

  Section Number
1     110      0
2     220      2
3     940      1
4    1050      1
5    1200      2


[1] 309
[1] "Priority Queue:"
  Section     > 0.8 LB    > 0.8 UB 0.57~0.8 LB 0.57~0.8 UB > 0.57 LB > 0.57 UB
5    1200 2.531781e-05 0.005571643   0.9263772    1.050548  0.927346  1.051579

  Section Number
1     110      0
2     220      1
3     940      0
4    1050      0
5    1200      2


[1] 324
[1] "Priority Queue:"
  Section   > 0.8 LB   > 0.8 UB 0.57~0.8 LB 0.57~0.8 UB > 0.57 LB > 0.57 UB
5    1200 0.73296931 0.84395975   0.1853539   0.2436069 0.9389730  1.063952
3     940 0.02354599 0.04751159   0.9060359   1.0288898 0.9389730  1.063952
4    1050 0.01066794 0.02844776   0.9195960   1.0433295 0.9370350  1.061890
1     110 0.01066794 0.02844776   0.9186273   1.0422982 0.9360661  1.060859

  Section Number
1     110      1
2     220      0
3     940      1
4    1050      1
5    1200      1


