[1] 111
[1] "Priority Queue:"
  Section > 0.8 LB    > 0.8 UB 0.57~0.8 LB 0.57~0.8 UB > 0.57 LB > 0.57 UB
4    1050        0 0.003688879   0.7252495   0.8356797 0.7252495 0.8356797

  Section Number
1     110      0
2     220      0
3     940      0
4    1050      1
5    1200      0


[1] 120
[1] "Priority Queue:"
  Section  > 0.8 LB  > 0.8 UB 0.57~0.8 LB 0.57~0.8 UB > 0.57 LB > 0.57 UB
5    1200 0.7117434 0.8211862   0.2059124   0.2670452  0.938973  1.063952

  Section Number
1     110      0
2     220      1
3     940      0
4    1050      0
5    1200      1


[1] 124
[1] "Priority Queue:"
  Section     > 0.8 LB    > 0.8 UB 0.57~0.8 LB 0.57~0.8 UB > 0.57 LB > 0.57 UB
3     940 0.0083953861 0.024740219   0.9244397    1.048486  0.938973  1.063952
4    1050 0.0002422093 0.007224688   0.9350971    1.059828  0.937035  1.061890

  Section Number
1     110      0
2     220      1
3     940      1
4    1050      1
5    1200      0


[1] 125
[1] "Priority Queue:"
  Section  > 0.8 LB  > 0.8 UB 0.57~0.8 LB 0.57~0.8 UB > 0.57 LB > 0.57 UB
4    1050 0.7841479 0.8987801   0.1361685   0.1868023  0.938973  1.063952
5    1200 0.6886006 0.7963295   0.2284149   0.2925397  0.938973  1.063952
3     940 0.6500607 0.7548704   0.2660659   0.3348846  0.938973  1.063952

  Section Number
1     110      0
2     220      1
3     940      1
4    1050      1
5    1200      1


[1] 126
[1] "Priority Queue:"
  Section   > 0.8 LB  > 0.8 UB 0.57~0.8 LB 0.57~0.8 UB > 0.57 LB > 0.57 UB
5    1200 0.93025258 1.0546727 0.004115373   0.0170848  0.938973  1.063952
3     940 0.40365615 0.4872843 0.510739051   0.6041966  0.938973  1.063952
1     110 0.39412397 0.4768170 0.520325236   0.6146100  0.938973  1.063952
4    1050 0.07416498 0.1128298 0.849893114   0.9690336  0.938973  1.063952

  Section Number
1     110      1
2     220      1
3     940      1
4    1050      1
5    1200      2


[1] 307
[1] "Priority Queue:"
  Section  > 0.8 LB    > 0.8 UB 0.57~0.8 LB 0.57~0.8 UB > 0.57 LB > 0.57 UB
5    1200 0.8953837 1.017542137  0.03282331  0.06021354  0.938973  1.063952
1     110 0.2755037 0.345445899  0.64043226  0.74449912  0.938973  1.063952
4    1050 0.1676600 0.223303909  0.75130947  0.86361917  0.938973  1.063952
3     940 0.0000000 0.003688879  0.93897302  1.06395214  0.938973  1.063952

  Section Number
1     110      1
2     220      1
3     940      1
4    1050      1
5    1200      2


[1] 308
[1] "Priority Queue:"
  Section  > 0.8 LB    > 0.8 UB 0.57~0.8 LB 0.57~0.8 UB > 0.57 LB > 0.57 UB
5    1200 0.9283149 1.052610447  0.00549116  0.01968204 0.9389730  1.063952
2     220 0.7677257 0.881202632  0.15188405  0.20508308 0.9389730  1.063952
4    1050 0.0000000 0.003688879  0.93897302  1.06395214 0.9389730  1.063952
3     940 0.0000000 0.003688879  0.93509711  1.05982810 0.9350971  1.059828

  Section Number
1     110      0
2     220      2
3     940      1
4    1050      1
5    1200      2


[1] 309
[1] "Priority Queue:"
  Section   > 0.8 LB  > 0.8 UB 0.57~0.8 LB 0.57~0.8 UB > 0.57 LB > 0.57 UB
5    1200 0.03625047 0.0647806   0.8915107    1.013415  0.938973  1.063952

  Section Number
1     110      0
2     220      1
3     940      0
4    1050      0
5    1200      2


[1] 324
[1] "Priority Queue:"
  Section   > 0.8 LB   > 0.8 UB 0.57~0.8 LB 0.57~0.8 UB > 0.57 LB > 0.57 UB
5    1200 0.17231029 0.22865274   0.7464824   0.8584464  0.938973  1.063952
1     110 0.02188798 0.04517445   0.9079728   1.0309528  0.938973  1.063952
3     940 0.01458003 0.03451129   0.9166900   1.0402355  0.938973  1.063952

  Section Number
1     110      1
2     220      1
3     940      1
4    1050      0
5    1200      1


