[1] 111
[1] "Priority Queue:"
  Section  > 0.8 LB   > 0.8 UB 0.57~0.8 LB 0.57~0.8 UB > 0.57 LB > 0.57 UB
4    1050 0.0607672 0.09623679   0.8644072   0.9845192  0.938973  1.063952

  Section Number
1     110      0
2     220      0
3     940      0
4    1050      1
5    1200      0


[1] 120
[1] "Priority Queue:"
  Section  > 0.8 LB  > 0.8 UB 0.57~0.8 LB 0.57~0.8 UB > 0.57 LB > 0.57 UB
5    1200 0.3922182 0.4747229   0.5222429   0.6166923  0.938973  1.063952

  Section Number
1     110      0
2     220      0
3     940      0
4    1050      0
5    1200      1


[1] 124
[1] "Priority Queue:"
  Section    > 0.8 LB    > 0.8 UB 0.57~0.8 LB 0.57~0.8 UB > 0.57 LB > 0.57 UB
3     940 0.015377253 0.035710098   0.9157214   1.0392042 0.9389730 1.0639521
4    1050 0.004795389 0.018390356   0.9254084   1.0495169 0.9350971 1.0598281
5    1200 0.000000000 0.003688879   0.8547307   0.9741959 0.8547307 0.9741959
1     110 0.000000000 0.003688879   0.7793172   0.8936109 0.7793172 0.8936109

  Section Number
1     110      0
2     220      0
3     940      1
4    1050      1
5    1200      1


[1] 125
[1] "Priority Queue:"
  Section  > 0.8 LB    > 0.8 UB 0.57~0.8 LB 0.57~0.8 UB > 0.57 LB > 0.57 UB
4    1050 0.6847448 0.792185419   0.2321722   0.2967820 0.9389730 1.0639521
3     940 0.4332385 0.519700497   0.4810461   0.5718907 0.9389730 1.0639521
5    1200 0.2821155 0.352833452   0.6336939   0.7372377 0.9389730 1.0639521
1     110 0.0000000 0.003688879   0.6452462   0.7496851 0.6452462 0.7496851

  Section Number
1     110      0
2     220      0
3     940      1
4    1050      1
5    1200      1


[1] 126
[1] "Priority Queue:"
  Section  > 0.8 LB  > 0.8 UB 0.57~0.8 LB 0.57~0.8 UB > 0.57 LB > 0.57 UB
5    1200 0.9302526 1.0546727 0.004115373  0.01708480  0.938973  1.063952
1     110 0.8673105 0.9876158 0.058105916  0.09290022  0.938973  1.063952
3     940 0.7223550 0.8325743 0.195624273  0.25533486  0.938973  1.063952
4    1050 0.3817403 0.4632015 0.532792705  0.62814208  0.938973  1.063952

  Section Number
1     110      1
2     220      1
3     940      1
4    1050      1
5    1200      1


[1] 307
[1] "Priority Queue:"
  Section  > 0.8 LB    > 0.8 UB 0.57~0.8 LB 0.57~0.8 UB > 0.57 LB > 0.57 UB
5    1200 0.8460234 0.964903386  0.07776031   0.1172324  0.938973  1.063952
4    1050 0.7098143 0.819115326  0.20778476   0.2691726  0.938973  1.063952
1     110 0.1797598 0.237201916  0.73876009   0.8501688  0.938973  1.063952
3     940 0.0000000 0.003688879  0.93897302   1.0639521  0.938973  1.063952

  Section Number
1     110      1
2     220      1
3     940      1
4    1050      1
5    1200      2


[1] 308
[1] "Priority Queue:"
  Section  > 0.8 LB    > 0.8 UB 0.57~0.8 LB 0.57~0.8 UB > 0.57 LB > 0.57 UB
5    1200 0.9040990 1.026826749  0.02521396  0.04983917 0.9389730 1.0639521
2     220 0.2840054 0.354943393  0.63176892  0.73516270 0.9389730 1.0639521
4    1050 0.0000000 0.003688879  0.93315925  1.05776599 0.9331593 1.0577660
3     940 0.0000000 0.003688879  0.87602138  0.99690483 0.8760214 0.9969048

  Section Number
1     110      0
2     220      2
3     940      1
4    1050      1
5    1200      2


[1] 309
[1] "Priority Queue:"
  Section     > 0.8 LB    > 0.8 UB 0.57~0.8 LB 0.57~0.8 UB > 0.57 LB > 0.57 UB
5    1200 2.531781e-05 0.005571643   0.9341282    1.058797 0.9350971  1.059828

  Section Number
1     110      0
2     220      1
3     940      0
4    1050      0
5    1200      2


[1] 324
[1] "Priority Queue:"
  Section    > 0.8 LB    > 0.8 UB 0.57~0.8 LB 0.57~0.8 UB > 0.57 LB > 0.57 UB
5    1200 0.443746605 0.531191859   0.4705191   0.5604181 0.9389730 1.0639521
1     110 0.046660167 0.078357052   0.8798933   1.0010328 0.9389730 1.0639521
3     940 0.006921952 0.022230396   0.9263772   1.0505481 0.9389730 1.0639521
4    1050 0.000000000 0.003688879   0.6558391   0.7610918 0.6558391 0.7610918

  Section Number
1     110      1
2     220      0
3     940      1
4    1050      0
5    1200      1


