[1] 111
[1] "Priority Queue:"
  Section > 0.8 LB    > 0.8 UB 0.57~0.8 LB 0.57~0.8 UB > 0.57 LB > 0.57 UB
4    1050        0 0.003688879   0.7204254    0.830504 0.7204254  0.830504

  Section Number
1     110      0
2     220      0
3     940      0
4    1050      1
5    1200      0


[1] 120
[1] "Priority Queue:"
  Section  > 0.8 LB  > 0.8 UB 0.57~0.8 LB 0.57~0.8 UB > 0.57 LB > 0.57 UB
5    1200 0.7194606 0.8294688   0.1984284   0.2585303  0.938973  1.063952

  Section Number
1     110      0
2     220      1
3     940      0
4    1050      0
5    1200      1


[1] 124
[1] "Priority Queue:"
  Section    > 0.8 LB   > 0.8 UB 0.57~0.8 LB 0.57~0.8 UB > 0.57 LB > 0.57 UB
3     940 0.003453832 0.01576319   0.9312215    1.055704 0.9389730  1.063952
4    1050 0.001623486 0.01166833   0.9302526    1.054673 0.9350971  1.059828

  Section Number
1     110      0
2     220      1
3     940      2
4    1050      1
5    1200      0


[1] 125
[1] "Priority Queue:"
  Section  > 0.8 LB  > 0.8 UB 0.57~0.8 LB 0.57~0.8 UB > 0.57 LB > 0.57 UB
4    1050 0.7648282 0.8781001   0.1546639   0.2083026  0.938973  1.063952
5    1200 0.7271793 0.8377499   0.1909536   0.2500062  0.938973  1.063952
3     940 0.5865643 0.6863686   0.3285109   0.4044343  0.938973  1.063952

  Section Number
1     110      0
2     220      1
3     940      1
4    1050      1
5    1200      1


[1] 126
[1] "Priority Queue:"
  Section   > 0.8 LB   > 0.8 UB 0.57~0.8 LB 0.57~0.8 UB > 0.57 LB > 0.57 UB
5    1200 0.92831488 1.05261045  0.00549116  0.01968204  0.938973  1.063952
1     110 0.41700997 0.50192981  0.49732470  0.58961144  0.938973  1.063952
3     940 0.40079594 0.48414471  0.51361452  0.60732098  0.938973  1.063952
4    1050 0.06343502 0.09956692  0.86150410  0.98142237  0.938973  1.063952

  Section Number
1     110      1
2     220      1
3     940      1
4    1050      1
5    1200      2


[1] 307
[1] "Priority Queue:"
  Section  > 0.8 LB    > 0.8 UB 0.57~0.8 LB 0.57~0.8 UB > 0.57 LB > 0.57 UB
5    1200 0.8905425 1.012383440  0.03711096  0.06591877  0.938973  1.063952
1     110 0.2726714 0.342278466  0.64332052  0.74761078  0.938973  1.063952
4    1050 0.1862868 0.244673832  0.73200425  0.84292483  0.938973  1.063952
3     940 0.0000000 0.003688879  0.93897302  1.06395214  0.938973  1.063952

  Section Number
1     110      1
2     220      1
3     940      1
4    1050      1
5    1200      2


[1] 308
[1] "Priority Queue:"
  Section  > 0.8 LB    > 0.8 UB 0.57~0.8 LB 0.57~0.8 UB > 0.57 LB > 0.57 UB
5    1200 0.9312215 1.055703822 0.003453832  0.01576319 0.9389730  1.063952
2     220 0.7841479 0.898780099 0.136168503  0.18680235 0.9389730  1.063952
4    1050 0.0000000 0.003688879 0.938004019  1.06292115 0.9380040  1.062921
3     940 0.0000000 0.003688879 0.925408442  1.04951693 0.9254084  1.049517

  Section Number
1     110      0
2     220      2
3     940      1
4    1050      1
5    1200      2


[1] 309
[1] "Priority Queue:"
  Section   > 0.8 LB   > 0.8 UB 0.57~0.8 LB 0.57~0.8 UB > 0.57 LB > 0.57 UB
5    1200 0.03282331 0.06021354   0.8953837    1.017542  0.938973  1.063952

  Section Number
1     110      0
2     220      1
3     940      0
4    1050      0
5    1200      2


[1] 324
[1] "Priority Queue:"
  Section   > 0.8 LB   > 0.8 UB 0.57~0.8 LB 0.57~0.8 UB > 0.57 LB > 0.57 UB
5    1200 0.14910608 0.20186167   0.7706233    0.884305  0.938973  1.063952
1     110 0.02271568 0.04634427   0.9070043    1.029921  0.938973  1.063952
3     940 0.01537725 0.03571010   0.9157214    1.039204  0.938973  1.063952

  Section Number
1     110      1
2     220      1
3     940      1
4    1050      0
5    1200      1


