[1] 111
[1] "Priority Queue:"
  Section > 0.8 LB    > 0.8 UB 0.57~0.8 LB 0.57~0.8 UB > 0.57 LB > 0.57 UB
4    1050        0 0.003688879   0.9263772    1.050548 0.9263772  1.050548

  Section Number
1     110      0
2     220      0
3     940      0
4    1050      1
5    1200      0


[1] 120
[1] "Priority Queue:"
  Section  > 0.8 LB  > 0.8 UB 0.57~0.8 LB 0.57~0.8 UB > 0.57 LB > 0.57 UB
5    1200 0.5078639 0.6010718   0.4065168   0.4904235  0.938973  1.063952

  Section Number
1     110      0
2     220      1
3     940      0
4    1050      0
5    1200      1


[1] 124
[1] "Priority Queue:"
  Section   > 0.8 LB    > 0.8 UB 0.57~0.8 LB 0.57~0.8 UB > 0.57 LB > 0.57 UB
3     940 0.05280466 0.086206203   0.8731176   0.9938086 0.9389730 1.0639521
4    1050 0.01221652 0.030888378   0.9195960   1.0433295 0.9389730 1.0639521
1     110 0.00000000 0.003688879   0.5875255   0.6874075 0.5875255 0.6874075

  Section Number
1     110      1
2     220      1
3     940      1
4    1050      1
5    1200      0


[1] 125
[1] "Priority Queue:"
  Section  > 0.8 LB  > 0.8 UB 0.57~0.8 LB 0.57~0.8 UB > 0.57 LB > 0.57 UB
4    1050 0.7870465 0.9018814   0.1334021   0.1835694  0.938973  1.063952
5    1200 0.4791317 0.5698051   0.4351486   0.5217903  0.938973  1.063952
3     940 0.4227361 0.5082034   0.4915780   0.5833584  0.938973  1.063952

  Section Number
1     110      0
2     220      1
3     940      1
4    1050      1
5    1200      1


[1] 126
[1] "Priority Queue:"
  Section   > 0.8 LB  > 0.8 UB 0.57~0.8 LB 0.57~0.8 UB > 0.57 LB > 0.57 UB
5    1200 0.91959600 1.0433295  0.01221652  0.03088838  0.938973  1.063952
3     940 0.86827834 0.9886480  0.05722035  0.09178654  0.938973  1.063952
1     110 0.49540898 0.5875272  0.41891847  0.50402121  0.938973  1.063952
4    1050 0.06968343 0.1073142  0.85473071  0.97419587  0.938973  1.063952

  Section Number
1     110      1
2     220      1
3     940      1
4    1050      1
5    1200      2


[1] 307
[1] "Priority Queue:"
  Section     > 0.8 LB    > 0.8 UB 0.57~0.8 LB 0.57~0.8 UB > 0.57 LB > 0.57 UB
5    1200 8.808613e-01 1.002064789  0.04578632  0.07723189  0.938973  1.063952
4    1050 3.865021e-01 0.468439329  0.52799681  0.62293815  0.938973  1.063952
1     110 2.726714e-01 0.342278466  0.64332052  0.74761078  0.938973  1.063952
3     940 2.531781e-05 0.005571643  0.93800402  1.06292115  0.938973  1.063952

  Section Number
1     110      1
2     220      1
3     940      1
4    1050      1
5    1200      2


[1] 308
[1] "Priority Queue:"
  Section  > 0.8 LB    > 0.8 UB 0.57~0.8 LB 0.57~0.8 UB > 0.57 LB > 0.57 UB
5    1200 0.9244397 1.048485726 0.008395386  0.02474022 0.9389730  1.063952
2     220 0.5865643 0.686368640 0.328510903  0.40443430 0.9389730  1.063952
4    1050 0.0000000 0.003688879 0.926377238  1.05054812 0.9263772  1.050548
3     940 0.0000000 0.003688879 0.892478950  1.01444697 0.8924790  1.014447

  Section Number
1     110      0
2     220      2
3     940      1
4    1050      1
5    1200      2


[1] 309
[1] "Priority Queue:"
  Section    > 0.8 LB   > 0.8 UB 0.57~0.8 LB 0.57~0.8 UB > 0.57 LB > 0.57 UB
5    1200 0.008395386 0.02474022   0.9244397    1.048486  0.938973  1.063952

  Section Number
1     110      0
2     220      1
3     940      0
4    1050      0
5    1200      2


[1] 324
[1] "Priority Queue:"
  Section     > 0.8 LB    > 0.8 UB 0.57~0.8 LB 0.57~0.8 UB > 0.57 LB > 0.57 UB
5    1200 0.3180795926 0.392866390   0.5971383   0.6977943  0.938973  1.063952
1     110 0.0922204535 0.134765103   0.8305472   0.9483798  0.938973  1.063952
3     940 0.0006186721 0.008767273   0.9350971   1.0598281  0.938004  1.062921

  Section Number
1     110      1
2     220      1
3     940      1
4    1050      0
5    1200      1


