[1] 111
[1] "Priority Queue:"
  Section   > 0.8 LB  > 0.8 UB 0.57~0.8 LB 0.57~0.8 UB > 0.57 LB > 0.57 UB
4    1050 0.05280466 0.0862062   0.8731176   0.9938086  0.938973  1.063952

  Section Number
1     110      0
2     220      0
3     940      0
4    1050      1
5    1200      0


[1] 120
[1] "Priority Queue:"
  Section  > 0.8 LB  > 0.8 UB 0.57~0.8 LB 0.57~0.8 UB > 0.57 LB > 0.57 UB
5    1200 0.4189185 0.5040212    0.495409   0.5875272  0.938973  1.063952

  Section Number
1     110      0
2     220      1
3     940      0
4    1050      0
5    1200      1


[1] 124
[1] "Priority Queue:"
  Section    > 0.8 LB    > 0.8 UB 0.57~0.8 LB 0.57~0.8 UB > 0.57 LB > 0.57 UB
3     940 0.019421755 0.041648837   0.9089413   1.0319843 0.9370350 1.0618902
4    1050 0.001623486 0.011668332   0.9312215   1.0557038 0.9360661 1.0608591
5    1200 0.000000000 0.003688879   0.8634395   0.9834869 0.8634395 0.9834869
1     110 0.000000000 0.003688879   0.7976764   0.9132513 0.7976764 0.9132513

  Section Number
1     110      1
2     220      0
3     940      1
4    1050      1
5    1200      1


[1] 125
[1] "Priority Queue:"
  Section  > 0.8 LB    > 0.8 UB 0.57~0.8 LB 0.57~0.8 UB > 0.57 LB > 0.57 UB
4    1050 0.6789618 0.785968508   0.2378116   0.3031419 0.9389730 1.0639521
3     940 0.4141476 0.498792332   0.5001986   0.5927375 0.9389730 1.0639521
5    1200 0.2679527 0.336997581   0.6481348   0.7527963 0.9389730 1.0639521
1     110 0.0000000 0.003688879   0.6423577   0.7465736 0.6423577 0.7465736

  Section Number
1     110      1
2     220      0
3     940      1
4    1050      1
5    1200      1


[1] 126
[1] "Priority Queue:"
  Section  > 0.8 LB  > 0.8 UB 0.57~0.8 LB 0.57~0.8 UB > 0.57 LB > 0.57 UB
5    1200 0.9341282 1.0587971 0.001623486  0.01166833  0.938973  1.063952
1     110 0.8508606 0.9700661 0.073267523  0.11172783  0.938973  1.063952
3     940 0.7406905 0.8522384 0.177896405  0.23506563  0.938973  1.063952
4    1050 0.3760279 0.4569141 0.538548939  0.63438564  0.938973  1.063952

  Section Number
1     110      1
2     220      1
3     940      1
4    1050      1
5    1200      2


[1] 307
[1] "Priority Queue:"
  Section     > 0.8 LB    > 0.8 UB 0.57~0.8 LB 0.57~0.8 UB > 0.57 LB > 0.57 UB
5    1200 8.547307e-01 0.974195871  0.06968343   0.1073142  0.938973  1.063952
4    1050 6.693256e-01 0.775605006  0.24721934   0.3137331  0.938973  1.063952
1     110 2.077848e-01 0.269172581  0.70884976   0.8180799  0.938004  1.062921
3     940 2.531781e-05 0.005571643  0.93800402   1.0629212  0.938973  1.063952

  Section Number
1     110      1
2     220      1
3     940      1
4    1050      1
5    1200      2


[1] 308
[1] "Priority Queue:"
  Section  > 0.8 LB    > 0.8 UB 0.57~0.8 LB 0.57~0.8 UB > 0.57 LB > 0.57 UB
5    1200 0.8963520 1.018573827  0.03197047  0.05906795 0.9389730 1.0639521
2     220 0.2944059 0.366542000  0.62118343  0.72374849 0.9389730 1.0639521
4    1050 0.0000000 0.003688879  0.93025258  1.05467271 0.9302526 1.0546727
3     940 0.0000000 0.003688879  0.86634275  0.98658362 0.8663428 0.9865836

  Section Number
1     110      0
2     220      2
3     940      1
4    1050      1
5    1200      2


[1] 309
[1] "Priority Queue:"
  Section     > 0.8 LB    > 0.8 UB 0.57~0.8 LB 0.57~0.8 UB > 0.57 LB > 0.57 UB
5    1200 0.0002422093 0.007224688   0.9350971    1.059828  0.937035   1.06189

  Section Number
1     110      0
2     220      1
3     940      0
4    1050      0
5    1200      2


[1] 324
[1] "Priority Queue:"
  Section    > 0.8 LB    > 0.8 UB 0.57~0.8 LB 0.57~0.8 UB > 0.57 LB > 0.57 UB
5    1200 0.429418743 0.515520414   0.4848753   0.5760613 0.9389730 1.0639521
1     110 0.052804661 0.086206203   0.8731176   0.9938086 0.9389730 1.0639521
3     940 0.004115373 0.017084803   0.9254084   1.0495169 0.9341282 1.0587971
4    1050 0.000000000 0.003688879   0.6664352   0.7724955 0.6664352 0.7724955

  Section Number
1     110      1
2     220      0
3     940      1
4    1050      1
5    1200      1


