
Math 111
  year    Percent. Enrollment sec 1    Percent. Enrollment sec 2
------  ---------------------------  ---------------------------
  2018                      32.5
  2017                      40
  2008                      45.7143                           60
  2009                      65.7143
  2013                      67.5
  2016                      67.5
  2015                      70
  2011                      77.1429
  2014                      77.5
  2010                      82.5
  2012                      95

Math 120
  year    Percent. Enrollment sec 1    Percent. Enrollment sec 2    Percent. Enrollment sec 3
------  ---------------------------  ---------------------------  ---------------------------
  2014                      28.5714                      74.2857
  2012                      42.8571                      74.2857                      80
  2008                      57.1429                      71.4286                      77.1429
  2010                      60                           74.2857
  2013                      62.8571                      63.3333
  2009                      72                           88                          104
  2011                      85.7143                      97.1429
  2016                      85.7143
  2017                      88.5714
  2015                      91.4286
  2018                     100

Math 124
  year    Percent. Enrollment sec 1    Percent. Enrollment sec 2    Percent. Enrollment sec 3    Percent. Enrollment sec 4
------  ---------------------------  ---------------------------  ---------------------------  ---------------------------
  2013                      25.7143                      54.2857                      57.1429                      71.4286
  2014                      34.2857                      48.5714                      65.7143                      88.5714
  2009                      40                           62.8571                      71.4286                      85.7143
  2017                      45.7143                      82.8571                      85.7143
  2015                      46.6667                      73.3333                      76.6667                      76.6667
  2008                      51.4286                      62.8571                      77.1429
  2018                      51.4286                      57.1429                      57.1429
  2011                      53.3333                      70                           76.6667                      80
  2010                      57.1429                      71.4286                      74.2857                      94.2857
  2012                      77.1429                      85.7143                      91.4286                     100
  2016                      80                           85.7143                      88.5714

Math 125
  year    Percent. Enrollment sec 1    Percent. Enrollment sec 2    Percent. Enrollment sec 3    Percent. Enrollment sec 4    Percent. Enrollment sec 5
------  ---------------------------  ---------------------------  ---------------------------  ---------------------------  ---------------------------
  2016                      22.8571                      74.2857                      82.8571                      86.6667
  2008                      28.5714                      40                           60                           80
  2012                      51.4286                      65.7143                      77.1429                      77.1429                      94.2857
  2013                      60                           76.6667                      80                           84                           90
  2015                      60                           63.3333                      83.3333                      97.1429
  2011                      66.6667                      70                           70                           80                           96.6667
  2009                      68.5714                      76.6667                      80                           96
  2010                      71.4286                      82.8571                      88.5714                      91.4286
  2014                      71.4286                      71.4286                      80                           91.4286
  2017                      80                           94.2857                      94.2857
  2018                      82.8571                      91.4286                      97.1429

Math 126
  year    Percent. Enrollment sec 1    Percent. Enrollment sec 2    Percent. Enrollment sec 3    Percent. Enrollment sec 4    Percent. Enrollment sec 5    Percent. Enrollment sec 6
------  ---------------------------  ---------------------------  ---------------------------  ---------------------------  ---------------------------  ---------------------------
  2017                      27.5                         55                           80                           92.5                         92.5
  2018                      42.5                         65                           75                           75                           92.5
  2013                      51.4286                      72.5                         77.5                         95                           97.1429                     100
  2012                      55                           60                           65.7143                      77.5                         90                           92.5
  2010                      57.1429                      71.1111                      75.5556                      82.2222                      84.4444
  2014                      57.1429                      71.4286                      80                           88.5714                      96.6667                      97.1429
  2011                      62.5                         80                           80                           85                           95                           95
  2008                      65.7143                      71.4286                      80                           88.5714
  2009                      71.1111                      75.5556                      84.4444                      86.6667
  2016                      77.1429                      80                           90                           92.5                         97.5
  2015                      80                           93.3333                      93.3333                      93.3333                      93.3333                      96.6667

Math 307
  year    Percent. Enrollment sec 1    Percent. Enrollment sec 2    Percent. Enrollment sec 3    Percent. Enrollment sec 4    Percent. Enrollment sec 5    Percent. Enrollment sec 6
------  ---------------------------  ---------------------------  ---------------------------  ---------------------------  ---------------------------  ---------------------------
  2016                      37.1429                      77.1429                      80                           91.4286                      94.2857
  2017                      45.7143                      57.1429                      74.2857                      82.8571                      88.5714                      91.4286
  2018                      45.7143                      68.5714                      77.1429                      82.8571                      88.5714                      91.4286
  2012                      51.4286                      82.8571                      85                           87.5                         88.5714
  2015                      56.6667                      60                           83.3333                      83.3333                      90                           93.3333
  2008                      65.7143                      77.1429                      82.8571
  2014                      68.5714                      71.4286                      88.5714                      91.4286                      91.4286
  2010                      72                           74.2857                      82.8571                      88
  2011                      74.2857                      74.2857                      77.1429                      77.1429                      85.7143
  2009                      76.6667                      83.3333                      86.6667                      90
  2013                      77.1429                      77.1429                      80                           82.8571                      94.2857

Math 308
  year    Percent. Enrollment sec 1    Percent. Enrollment sec 2    Percent. Enrollment sec 3    Percent. Enrollment sec 4    Percent. Enrollment sec 5    Percent. Enrollment sec 6
------  ---------------------------  ---------------------------  ---------------------------  ---------------------------  ---------------------------  ---------------------------
  2008                      37.1429                      54.2857                      62.8571                      62.8571                      74.2857
  2017                      40                           45.7143                      80                           82.8571                      94.2857                      97.1429
  2016                      42.8571                      51.4286                      71.4286                      82.8571                      85.7143                      92.5
  2014                      45.7143                      51.4286                      80                           85.7143                      88.5714
  2013                      50                           60                           82.8571                      91.4286                      94.2857                     100
  2015                      50                           70                           73.3333                      83.3333                      90                           93.3333
  2012                      51.4286                      62.8571                      85.7143                      95
  2010                      54.2857                      65.7143                      68.5714                      74.2857                      77.1429
  2009                      59.2593                      74.0741                      74.0741                      77.7778                      80                           88.8889
  2011                      60                           70                           76.6667                      76.6667                      83.3333                      86.6667
  2018                      60                           65.7143                      80                           91.4286                      94.2857                      94.2857

Math 309
  year    Percent. Enrollment sec 1    Percent. Enrollment sec 2    Percent. Enrollment sec 3    Percent. Enrollment sec 4
------  ---------------------------  ---------------------------  ---------------------------  ---------------------------
  2018                      28.5714                      74.2857                      82.8571
  2012                      34.2857                      65.7143                      71.4286                      80
  2014                      34.2857                      48.5714                      68.5714                      71.4286
  2017                      37.1429                      62.8571                      82.8571
  2016                      40                           54.2857                      80
  2013                      45.7143                      54.2857                      80                           82.8571
  2015                      53.3333                      63.3333                      86.6667
  2010                      57.1429                      60
  2011                      60                           65.7143                      94.2857
  2008                      68.5714
  2009                      82.8571

Math 324
  year    Percent. Enrollment sec 1    Percent. Enrollment sec 2    Percent. Enrollment sec 3    Percent. Enrollment sec 4
------  ---------------------------  ---------------------------  ---------------------------  ---------------------------
  2016                      22.8571                      65.7143                      65.7143                      82.8571
  2008                      34.2857                      34.2857                      40                           71.4286
  2009                      48.5714                      60                           65.7143                      74.2857
  2010                      54.2857                      77.1429                      85.7143                      85.7143
  2012                      57.1429                      77.1429                      82.8571                      85.7143
  2015                      60                           60                           70                          100
  2018                      60                           65.7143                      82.8571
  2011                      62.8571                      71.4286                      71.4286                      74.2857
  2014                      63.3333                      76.6667                      80                           83.3333
  2013                      71.4286                      82.8571                      85.7143                      94.2857
  2017                      71.4286                      71.4286                      82.8571